249858 10177
249858 27606
249858 59626
249858 111866
1128453 35
1128453 87417
1128453 289780
1128453 289781
6151 887
6151 4584
6151 1107355
6151 1130567
6151 1385
6151 193742
6151 6155
6151 6213
6151 6214
6155 114
6155 4584
6155 1126029
6155 6213
6155 6214
141324 54131
141324 66556
141324 94639
141324 1113438
1105932 14531
1105932 25772
1105932 39127
1105932 75969
1105932 75972
129042 1949
129042 129045
6163 1111052
6163 1113739
6163 130
6163 134128
6163 20534
6163 28202
6163 96847
6163 6213
6163 6220
6163 6224
6163 124064
129045 3097
593942 54131
593942 94639
124952 1123756
696345 2658
696345 2665
696345 230879
696345 578337
696345 236759
696345 696346
6169 1106406
6169 1130567
6169 20526
6169 7419
6169 28227
696346 2658
696346 2665
696346 230879
696346 578337
141342 35
141342 1119708
141342 35061
141342 40
141342 575292
141342 70970
141342 78511
8224 1110426
8224 11342
8224 133615
8224 22431
8224 22563
8224 23738
8224 263279
8224 30895
8224 368431
8224 49843
8224 49844
8224 49847
8224 6311
8224 65653
8224 6639
8224 97377
8224 85688
178209 6639
178209 1000012
178209 116084
178209 568045
178209 75972
35 1033
35 103482
35 103515
35 1050679
35 1103960
35 1112911
35 1113438
35 1114331
35 1119708
35 1120431
35 1123756
35 1125386
35 1127913
35 1128227
35 1128985
35 1129683
35 1129778
35 1131116
35 1131360
35 1152421
35 1153280
35 1153577
35 1153853
35 1153943
35 1154459
35 116552
35 12576
35 128540
35 132806
35 135130
35 1688
35 175291
35 190697
35 190706
35 1956
35 197054
35 198443
35 198653
35 210871
35 248425
35 249421
35 254923
35 259702
35 263279
35 263498
35 273152
35 27510
35 28290
35 287787
35 28851
35 289779
35 289780
35 289781
35 307015
35 33904
35 33907
35 35061
35 38205
35 387795
35 415693
35 41714
35 427606
35 44368
35 46431
35 486840
35 48766
35 503883
35 503893
35 513189
35 54129
35 54131
35 56119
35 568857
35 573964
35 575077
35 575292
35 576795
35 578780
35 579008
35 593091
35 593105
35 593240
35 593813
35 594047
35 594649
35 608326
35 634975
35 646809
35 647447
35 66556
35 66563
35 66805
35 69284
35 69296
35 78511
35 787016
35 801170
35 84021
35 85352
35 86359
35 8865
35 887
35 82920
35 210872
22563 10435
22563 107251
22563 107252
22563 1103394
22563 12439
22563 13686
22563 1786
22563 22564
22563 22566
22563 3220
22563 36140
22563 389715
22563 63915
22563 6767
22563 6771
22563 23738
1118245 114
1118245 7419
1118245 17201
1118245 32872
22566 10435
22566 22564
22566 1103394
1112099 12165
1112099 12195
1112099 12238
1112099 101263
6184 4584
6184 1120731
6184 13686
6184 27631
6184 3229
6184 399339
6184 6213
6184 6214
6184 19621
40 1114442
40 116552
12330 2702
12330 1120777
12330 156977
12330 395553
12330 949217
1130539 2354
1130539 9708
1130539 37483
1130539 143323
1130539 198653
385067 5064
385067 5069
22564 10435
22564 1103394
20526 128
20526 6213
20526 1103315
20526 28227
20528 1103315
20528 1107067
20528 27631
20528 36162
20528 36167
194609 1129572
194609 31927
12337 1129683
12337 16451
12337 16474
12337 395725
12337 57764
6196 114
6196 4584
6196 1120731
6196 28387
6196 58540
6196 81350
6196 976334
6196 6214
84021 1688
84021 82920
84021 263279
84021 415693
84021 143323
20534 6213
20534 1103315
20534 1107455
20534 1111052
20534 23774
20534 70442
20534 7419
16437 16474
16437 395725
116790 4335
116790 18777
116790 73146
116790 345340
127033 12576
127033 56112
127033 56115
127033 56119
127033 62718
127033 1108267
127033 416455
194617 10531
194617 31353
194617 31927
194617 31932
194617 1129572
1050679 3229
1050679 35797
1050679 427606
188471 1365
188471 4584
188471 6214
188471 628500
987188 13654
987188 13658
987188 119686
12350 101811
12350 1104007
12350 12158
12350 12195
12350 12198
12350 12210
12350 152227
12350 16451
12350 20601
12350 20602
12350 27612
12350 4804
12350 6125
12350 6539
12350 67415
12350 15429
12350 51180
6209 1108329
6209 168410
6209 212930
6209 28485
6209 38480
6209 8875
6209 95579
6210 4584
6210 1120731
6210 6213
6210 28350
16451 12359
16451 118436
157761 4804
157761 12182
157761 219239
6213 887
6213 4584
6213 10796
6213 1103315
6213 1105764
6213 1106406
6213 1107355
6213 1107455
6213 1108329
6213 1111052
6213 1111304
6213 1113459
6213 1116347
6213 1122425
6213 1130567
6213 124064
6213 12576
6213 128
6213 13193
6213 134128
6213 1385
6213 13960
6213 161221
6213 17208
6213 193742
6213 23774
6213 28202
6213 28227
6213 28278
6213 28350
6213 28471
6213 28485
6213 299197
6213 35863
6213 38480
6213 399339
6213 434
6213 55968
6213 58540
6213 595056
6213 6214
6213 6215
6213 6220
6213 6224
6213 628668
6213 7419
6213 755217
6213 91975
6214 117
6214 4584
6214 1105764
6214 1106172
6214 1126029
6214 1130600
6214 124064
6214 13960
6214 149669
6214 23258
6214 27631
6214 28278
6214 28447
6214 345340
6214 38480
6214 399339
6214 6215
6214 6224
6214 628500
6214 6378
6214 95589
6214 97892
6215 887
6215 6224
6216 1113739
6216 1116347
6216 96847
6216 976334
1130567 4584
12359 8617
12359 242637
12359 16476
503883 287787
503883 1153577
503883 646809
503883 646913
503883 647447
6220 114
6220 134128
6220 6224
6220 28350
6220 28412
6220 124064
608326 82920
608326 1129683
96335 3229
96335 3243
96335 25181
96335 27174
96335 59798
6224 28387
6224 345340
6224 124064
1114192 2696
1114192 2698
1114192 5348
1114192 256106
503893 1153577
503893 33904
16471 1126044
16471 16474
16471 273949
1103960 3229
1103960 33895
1103960 33904
1103960 33907
16474 16476
14428 1103031
14428 1103969
14428 14429
14428 14431
14428 34082
14428 73119
14429 1103031
14429 1103969
14429 14431
14429 34082
14429 73119
14429 14430
14430 1103031
14430 1103969
14430 14431
14430 34082
14430 73119
14431 1103031
14431 73119
634975 287787
1103969 34082
16476 1123087
16485 105856
16485 1120049
16485 1123087
219239 12182
219239 15429
219239 42207
219239 12247
20584 1118823
20584 235776
20584 389715
20584 6311
32872 117
32872 17201
32872 17208
1130600 1365
1130600 4584
1130600 628500
256106 2696
256106 2698
256106 5348
1116268 2653
1116268 6334
1116268 8617
1116268 36145
340078 910
340078 12439
340078 949217
573553 171954
114 1103315
114 1106172
114 1106406
114 1107455
114 1111052
114 1126029
114 124064
114 128
114 130
114 193742
114 23258
114 28227
114 28287
114 28350
114 28387
114 28471
114 28485
114 341188
114 38480
114 39403
114 434
114 55968
114 58540
114 755217
114 91975
114 976334
65650 2653
65650 11342
65650 12182
65650 23738
65650 38722
65650 1118764
65650 5038
117 1109581
117 149669
117 17476
117 28202
117 28278
117 28387
117 28471
117 341188
117 38480
117 39403
117 75674
65653 1272
65653 3217
65653 6771
221302 3085
221302 15889
221302 175909
221302 1153891
20601 1108167
20601 12158
20601 12199
20601 12247
20601 124734
20601 20602
20601 25805
20601 42207
20601 95225
20602 1108167
20602 12158
20602 12199
20602 12247
20602 42207
20602 95225
1122425 6378
1122425 17476
1122425 18832
372862 6925
372862 6941
372862 187354
594047 41714
128 39403
128 91975
128 4584
128 28487
653441 15987
653441 39890
653441 73162
653441 559804
653441 189774
130 13960
130 345340
130 39403
130 36802
45188 45189
45188 976284
45188 89547
45189 4804
45189 192850
45189 272720
45189 976284
45189 89547
1104007 1246
1104007 15429
307336 3243
34961 27535
34961 22883
34961 51866
643221 16819
643221 1131236
643221 1131312
643221 126927
643221 642894
643221 643239
643221 644093
643221 644448
643221 644577
643221 645897
643221 646286
180373 10796
180373 27174
180373 59798
180373 77758
180373 180399
12439 910
12439 105057
12439 323128
12439 36140
159897 28957
159897 108962
159897 108983
159897 683355
45212 1105764
45212 46887
235679 235683
164 4804
164 10177
164 12198
164 67415
149669 39890
6311 1114864
6311 235776
6311 46887
643239 642894
643239 1131312
643239 126927
643239 16819
643239 644093
82087 3229
82087 33895
30895 1272
30895 3243
30895 10796
30895 1152277
30895 1152673
30895 1154251
30895 30901
30895 59798
1120431 13656
1120431 13658
1120431 13686
180399 3231
28851 54131
1130676 2658
1130676 2665
30901 1272
30901 3243
30901 11339
30901 368431
18615 1272
18615 2440
18615 4660
18615 6935
18615 1000012
18615 582343
18615 18619
239800 4335
239800 19697
239800 24966
239800 95718
1104055 2653
1104055 3243
1104055 36140
1104055 36145
18619 10798
18619 4660
18619 19231
18619 27627
1116347 1365
1116347 4584
299197 887
299197 4330
299197 85299
6334 3231
6334 1107067
6334 200480
6334 20850
6334 46431
6334 6767
6334 10169
6334 39131
1120444 6767
1120444 28447
75969 1128935
75969 1153811
75969 591017
75969 592830
14529 1103038
14529 1114864
10435 1103394
10435 112378
10435 208345
10435 41417
10435 8703
14531 1103038
14531 56167
14531 592830
75972 39127
75972 1128935
75972 592830
75972 116084
1108167 1272
1108167 25805
1108167 124734
6343 1125992
6343 141868
6343 200480
561364 3191
561364 3192
561364 5086
561364 642827
14549 7047
14549 1103038
14549 592830
14549 31479
39126 1999
39126 3231
39126 10169
39126 1107067
39126 88356
39126 39165
39127 1128935
39127 116084
39127 3231
39127 49660
39127 592830
989397 4804
989397 42221
39130 3240
39130 36620
39130 39131
39130 97377
39131 10169
39131 17798
39131 1131728
39131 3231
1114331 85352
1114331 259702
714975 15984
714975 39890
714975 523394
4329 105899
4329 1111304
4329 28254
4329 395547
4329 46468
4329 4330
4330 1103737
4330 1108834
4330 1110438
4330 1114352
4330 1132461
4330 1136397
4330 118436
4330 168410
4330 1717
4330 35797
4330 37884
4330 390889
4330 395553
4330 46468
4330 69392
4330 949217
4330 6913
4330 12638
6378 6385
6378 10183
190697 22229
190697 41714
190697 198443
59626 124734
59626 6125
1153262 4804
1153262 17208
1153262 77438
4335 1136397
4335 1717
4335 32698
4335 35922
4335 390889
4335 46468
4335 62274
4335 95718
1114352 906
1114352 1365
6385 1103162
6385 17476
6385 55968
6385 682666
6385 892139
190706 41714
190706 45605
190706 182094
131315 28504
131315 29723
131315 411005
35061 32083
35061 1113438
35061 144701
35061 210871
35061 22229
35061 240791
35061 263498
35061 45605
35061 48766
35061 682815
131318 13208
131318 13212
131318 19697
131318 24966
131318 411005
633081 31489
633081 40605
1106172 38722
1106172 81350
39165 31479
39165 1131137
39165 162664
1153280 14062
1153280 82920
1153280 85352
235776 6767
235776 46887
1153287 7430
1153287 28504
631052 2665
631052 19621
631052 49482
647447 8874
647447 287787
395547 156977
395547 395553
28957 1105531
28957 189577
28957 28964
28957 35922
28957 66794
28957 88356
28957 94713
39199 32276
39199 66990
39199 52515
12576 887
12576 1104999
12576 1107674
12576 135130
12576 28290
12576 416455
12576 56112
12576 56119
12576 56709
12576 62718
12576 63832
12576 83725
12576 8875
395553 2702
10531 1107567
10531 1129442
10531 31336
10531 31349
10531 31353
10531 36620
10531 43698
10531 686532
135464 120084
135464 8581
1108267 1481
1108267 10183
1108267 20924
2354 10186
2354 154134
2354 40151
2354 74749
2354 137790
1120563 1481
1120563 5062
1120563 5064
1120563 5069
1120563 5075
219446 144408
219446 249421
1106236 3097
1106236 73327
672070 641976
672070 1154123
672070 1154124
672070 6130
672070 672071
672071 641976
672071 1132461
672071 6130
334153 887
49482 1365
49482 3229
49482 19621
49482 7297
1114442 19621
272720 3233
272720 36145
272720 192850
1122642 34257
1122642 34263
1122642 34266
192850 3233
192850 8079
12631 6898
12631 1123188
12631 1154103
12631 12638
12631 662416
12631 6910
12631 78994
86359 18834
18777 345340
18777 445938
18777 66794
18777 73146
18777 94713
63832 28290
63832 56112
63832 56115
63832 56119
22876 22883
12638 1123188
12638 119761
12638 263553
12638 662416
12638 6898
12638 6910
22883 51866
1108329 41417
1108329 70444
1106287 1365
1106287 19621
1106287 83826
20850 3231
20850 3232
20850 10169
1120643 8874
8581 1132968
8581 2665
8581 75695
24966 1105344
24966 131042
24966 145176
24966 19697
24966 197452
24966 202639
24966 23116
24966 27627
24966 40124
24966 641976
24966 65212
24966 79809
1114502 5966
1114502 227178
1114502 263279
2440 1000012
2440 1106388
2440 1110426
2440 136766
2440 136768
2440 27230
2440 49811
2440 49843
2440 49844
2440 49847
2440 582343
2440 591016
2440 591017
2440 63931
2440 6917
2440 6923
2440 72908
2440 37483
205192 2665
205192 1132968
205192 578337
205192 230879
104840 3231
104840 8699
104840 8703
6539 85688
98693 14062
98693 97390
98693 1152358
24974 131042
24974 40125
24974 6771
8591 8594
18832 682666
18832 81350
8594 1213
8594 58268
801170 87417
801170 289779
801170 289780
801170 289781
18834 56709
59798 1152277
59798 1152673
59798 1154251
59798 25181
59798 27174
1110426 3218
1110426 22431
147870 25702
108962 35778
108962 108974
108962 108983
57764 1246
57764 36140
1108389 35778
1108389 36802
1108389 37888
1108389 73146
330148 1365
330148 19621
330148 184918
330148 23502
1110438 2654
1110438 7032
424 77758
424 197452
1132968 1365
1132968 2665
1132968 5348
8617 175291
8617 36145
8617 52784
63915 36140
63915 145215
63915 6935
561581 153063
561581 561595
133550 3229
133550 5194
133550 133566
94639 593105
94639 593813
108974 1125469
108974 66794
94641 1102550
94641 116553
94641 594387
94641 575077
434 4649
434 8703
434 10798
16819 1131236
16819 1131312
16819 643069
16819 644093
16819 646286
108983 35778
63931 37483
63931 136766
63931 136768
63931 13717
20924 20923
20924 1113934
20924 1115701
20924 289885
20924 294030
20924 521207
133563 5194
133563 48550
133563 105856
133563 1120049
133563 133566
197054 8872
197054 41714
197054 182094
197054 1125092
133566 5194
20923 1115701
20923 289885
20923 294030
561595 153063
686532 31336
686532 31349
686532 31353
686532 43698
16843 643069
395725 3085
395725 20193
33231 1105531
33231 158172
33231 293974
33231 300071
33231 445938
594387 54132
594387 248425
594387 579008
1106388 5966
1106388 6935
1106388 49843
1106388 75121
14807 1111240
168410 4584
168410 23258
168410 28485
1120731 399339
158172 6814
158172 77438
158172 445938
45533 34266
45533 87482
1106406 23774
1128935 592830
4584 1102550
4584 1113739
4584 124064
4584 1272
4584 132806
4584 13885
4584 193742
4584 28278
4584 28287
4584 36167
4584 628500
4584 976334
358894 91581
6639 3218
6639 116084
6639 568045
6639 591017
6639 22431
1106418 12182
1110515 1035
1110515 41714
504 506
504 89416
94713 12182
94713 62274
506 89416
8699 3231
8699 5966
8699 1102751
8699 10796
49660 3231
49660 10169
49660 40151
49660 3237
49660 66594
1104379 910
1104379 13885
1104379 42847
582139 2665
582139 1128425
8703 4649
8703 1102751
8703 173884
8703 27535
8703 51866
8703 51909
8703 10798
8703 85688
649731 1365
649731 23507
649731 1131464
649731 123825
1120777 2702
573964 513189
573964 576691
573964 787016
35343 3229
35343 27174
154134 64519
154134 143323
33303 3084
33303 5600
1128985 44455
1128985 54132
1128985 227178
23069 23070
23070 134307
23070 134316
23070 74698
23070 87915
23070 65074
207395 936
207395 1959
207395 3828
207395 22386
45605 32083
45605 1033
45605 1035
45605 240791
45605 682815
27174 3229
27174 25181
27174 25184
4649 1127851
4649 135766
4649 449841
4649 6917
1153577 33895
10796 887
10796 1110947
10796 1113934
10796 417017
10796 10798
141868 40886
141868 112378
141868 429805
141868 145215
10798 10183
10798 20193
10798 97892
1118764 2653
1118764 12182
1118764 23738
4660 2653
4660 5038
4660 582343
4660 12182
1106492 3218
1106492 44017
137790 10186
137790 74749
27199 148399
27199 42221
787016 513189
23116 40124
23116 576257
23116 27627
23116 65212
1000012 3217
1000012 6935
96847 227178
389715 46491
389715 46547
389715 107251
389715 107252
6741 417017
6741 51909
6741 83725
6741 9708
184918 1365
184918 19621
184918 23502
135766 449841
135766 6917
139865 1365
57948 6925
57948 12210
57948 15429
57948 42221
2653 1119751
2653 167656
2653 175291
2653 28641
2653 6125
2654 1104851
2654 1106630
2654 1121867
2654 27250
2654 463825
2654 52784
25181 3229
25181 1152277
25181 1152673
25181 1154251
25181 25184
25184 3229
25184 3231
27230 1272
2658 230884
2658 236759
2658 578347
2658 751408
2658 99023
2658 2665
2658 230879
105057 8079
105057 27895
105057 36140
19045 887
19045 593210
19045 87363
19045 195792
1118823 46491
1118823 46547
31336 1129442
31336 31349
31336 31353
2665 1132486
2665 230884
2665 578306
2665 578309
2665 578337
2665 578347
2665 751408
2665 763009
2665 99023
248425 592975
248425 579008
37483 5959
37483 64519
1131116 259702
6767 3218
6767 1114864
6767 6925
27249 23738
27249 368431
27249 8079
27249 36140
27249 46468
27250 8079
27250 23738
6771 1999
6771 32083
6771 89547
8821 3231
8821 1153811
8821 66594
31349 31353
31349 43698
31353 1107567
31353 1129442
31353 31927
31353 43698
137849 5086
137849 1115291
6784 35797
6784 560936
1131137 3222
1131137 3240
80515 7532
80515 314459
33412 3229
2695 2698
2695 342802
2695 2696
2695 5348
2696 2698
2696 342802
2696 5348
2696 99025
2698 342802
2698 99025
137868 38537
137868 642827
137868 91581
49811 1997
49811 3233
49811 463825
1114777 20193
1114777 208345
51866 27535
6814 1125469
6814 293974
6814 300071
6814 37884
6814 445938
55968 27631
55968 892139
8865 103515
8865 395075
8865 8875
6818 1105531
6818 1128425
6818 293974
6818 37884
6818 50336
6818 50337
6818 29723
6818 300806
35490 887
35490 64271
35490 95188
12960 19231
8872 1104647
8872 1125092
8872 395075
8872 8875
8874 395075
8874 646809
8874 8875
8875 395075
682666 17476
682666 341188
78511 9586
78511 78552
78511 78557
43698 1129442
49843 3218
49843 11335
49843 22431
49843 49844
49843 49847
49844 22431
49844 1127851
49844 49847
49847 22431
74427 34257
74427 34266
74427 87482
559804 39890
559804 73162
559804 714289
559804 714260
1153728 1953
1153728 1959
1153728 73327
240321 1136397
240321 1154123
240321 1154124
240321 447250
240321 675649
240321 69392
4804 12182
4804 12210
4804 25805
4804 77515
4804 976284
4804 9515
4804 10177
51909 173884
1106630 27530
416455 56709
416455 135130
99023 578306
99023 578309
99023 578347
99023 578337
99025 5348
387795 28287
387795 44455
387795 128540
1102550 1026
78552 33818
78552 33823
78552 78557
78552 9586
594649 575077
594649 576257
23258 28485
23258 85299
78557 33818
78557 33823
78557 1120138
78557 9586
1131236 642681
1131236 642894
1131236 644093
15076 25702
15076 32276
568045 116084
1114864 1481
633585 31489
633585 40605
41714 1033
41714 182094
41714 44455
41714 568857
41714 61069
6898 1123188
6898 431206
6898 6910
6898 78994
107251 46491
107251 46547
107251 107252
107252 46491
31479 1115701
31479 289885
31479 294030
1123068 1999
1123068 3232
1123068 167670
6910 1123188
6910 1154103
6910 169279
6910 263553
6910 431206
6910 662416
6910 444191
273152 82920
273152 210871
273152 210872
6913 1717
6913 431206
6913 646286
31489 227286
31489 40605
576257 910
576257 1153943
578306 578347
6917 1272
6917 1153811
6917 449841
578309 230879
578309 578347
1104647 48766
90888 1365
90888 3229
90888 1113934
90888 13885
645897 126927
645897 644577
6923 1272
6923 187354
6923 6941
6923 93923
6923 72908
64271 20178
64271 38829
64271 73327
64271 91852
64271 95188
1123087 33818
1123087 202639
342802 5348
447250 3229
447250 100197
447250 123825
6935 101811
101143 1956
101143 1959
6941 3218
6941 93923
19231 686061
578337 230879
578337 1132486
578337 236759
70442 70444
56112 1104999
56112 1107674
56112 56115
56112 56119
56112 83725
17201 17208
1131312 642894
56115 1104999
56115 1107674
56115 135130
56115 56119
56115 62718
56115 63486
56115 69284
56115 83725
29492 144408
29492 3229
56119 1104999
56119 83725
17208 13193
17208 1152633
86840 3217
86840 5966
86840 10186
1153853 103515
1153853 108047
682815 85352
682815 195792
193347 1129835
193347 1131719
193347 193354
193347 193352
193352 1129835
193352 1131719
193352 193354
193354 11148
193354 1129835
197452 36162
1112911 887
1112911 22229
1112911 144701
246618 103515
246618 116545
246618 116552
246618 116553
1131360 1688
654177 3220
654177 40886
654177 112378
654177 145215
654177 1131728
1108834 910
1108834 3229
1108834 25702
1153891 1481
1153891 15889
1153891 175909
56167 17798
56167 1117184
162664 3191
162664 39890
129897 1997
129897 3187
129897 3191
129897 5055
129897 154982
129896 3187
129896 3191
129896 3192
129896 5086
54129 108047
54129 578645
54129 578646
54129 578649
54129 578780
54131 243483
54131 578780
54131 66563
54131 66556
54131 103515
54132 578780
54132 579008
1123188 662416
27510 1110998
27510 1152143
27510 188318
27510 103482
887 1111304
887 134128
887 161221
887 17476
887 28456
887 38205
887 595056
887 64519
887 87363
887 976334
887 198653
887 210871
7032 1997
7032 323128
62329 195792
62329 427606
119686 13654
119686 13658
119686 198443
7047 212930
13193 755217
13193 28350
906 1105344
906 1136397
906 910
27530 27531
27530 66594
11148 1129835
11148 1131719
27531 763009
910 1105344
910 1126044
910 131042
910 227286
910 242637
910 28278
910 35905
910 42847
910 48550
910 5462
910 636511
910 675649
910 755217
910 25702
910 77758
27535 13686
27535 173884
662416 263553
101263 12238
101263 28456
1153943 82920
1153943 85352
1153943 97390
13208 13212
13212 411005
152483 1688
152483 85352
152483 593091
1110947 3243
1110947 10183
641956 25772
936 1107010
936 1956
936 3084
936 3828
936 38845
940 20180
940 28265
940 3828
940 941
941 20180
941 28265
941 3828
5038 12182
5038 38722
943 1152896
943 3828
943 91852
943 20180
943 28265
148399 12158
148399 12247
123825 19621
123825 1131464
123825 42847
641976 3229
142268 65074
142268 87915
142268 134316
5055 1104851
5055 1119751
5055 1121867
5055 167656
35778 1125469
35778 73146
5062 3085
5062 5064
5062 5069
5062 521207
5062 20193
5064 5069
5064 5075
1131464 19621
74698 65057
74698 65074
74698 134307
254923 1272
254923 108047
254923 415693
5069 5075
23502 1365
23502 3229
23502 23507
242637 202639
119761 93555
119761 284023
39890 1154232
39890 189571
39890 294030
39890 3191
39890 523394
39890 714256
39890 714289
39890 51049
23507 1365
23507 13717
95188 20179
35797 1786
35797 1110998
35797 188318
35797 36140
1110998 1365
1110998 188318
1104851 52784
463825 11342
187354 3218
187354 1127851
27606 10177
27606 111866
27606 124734
27612 6125
27612 12198
5086 3187
5086 3191
5086 3192
5086 79809
27623 105899
27623 1126029
27623 28254
27623 686015
27623 686061
27623 75674
82920 1119708
82920 1127913
82920 1129683
82920 1152358
82920 1152421
82920 1154459
82920 259702
82920 307015
82920 513189
82920 576691
82920 70970
27627 105899
27627 28254
27627 686015
27627 686061
27631 3229
27631 28254
27631 28412
44017 11339
289779 87417
289779 289780
289780 87417
289780 289781
289781 87417
521207 1481
95225 12198
95225 42207
66556 1129778
66556 66563
66556 85352
66556 575077
644093 126927
644093 642681
74749 10186
37884 300071
37888 36802
37888 1125469
37888 1152633
37888 293974
37888 77438
1117184 1481
1026 1034
66563 1123530
1033 1034
1125386 1955
1125386 3231
1035 1034
3084 1107171
3084 143323
3084 198653
3085 15889
3085 83449
3085 20193
3095 110162
3095 110163
3095 83449
35863 3229
3097 1959
3097 1949
3097 1952
3097 3101
33818 9586
33818 1120138
33818 33823
144408 3229
144408 202639
29723 300071
29723 35905
29723 300806
3101 1949
3101 1952
3101 110162
3101 110163
3101 110164
31769 3229
31769 32083
66594 3231
66594 3232
66594 3233
521251 3232
521251 1125992
3112 110163
3112 110164
3112 1949
287787 1123756
287787 415693
1154103 169279
1107010 22386
1107010 38829
1107010 38845
17476 1103162
17476 28456
17476 892139
15429 10177
15429 10169
15429 12197
15429 77515
15429 89547
15429 9513
15429 9515
1154123 6130
1154123 202639
1154123 671269
1154124 6130
1154124 202639
1154124 671269
11342 79809
11342 23738
592975 38205
592975 57119
35922 3229
35922 396412
35922 50336
35922 50337
578645 108047
578645 116545
578645 578646
578645 578845
578646 108047
578646 578649
293974 77438
293974 1125469
578649 108047
578649 116545
103515 1127913
103515 1129778
314459 7532
314459 7537
289885 77758
289885 1115701
97377 3240
1129572 31927
25702 1136397
25702 202639
25702 675649
33895 33904
33895 593813
33895 58758
1104999 28290
7272 1136446
7272 7276
7272 7297
7272 763181
7276 1365
7276 763181
7276 7297
7276 19621
97390 14062
97390 1152358
97390 33907
263279 3231
595056 38205
595056 48766
595056 57119
33907 14062
33907 593091
33907 593813
3191 105865
3191 3192
3191 642827
3191 16008
3192 105865
3192 642827
3192 15987
3192 16008
103543 126927
1107067 3231
1107067 10169
396412 3229
396412 50337
396412 300806
853116 19621
189566 189856
189566 36802
7297 1365
7297 763010
7297 763181
7297 19621
763009 19621
763009 1136446
189571 16008
189571 1154232
189571 189572
189571 714748
189571 714289
763010 1136446
523394 15987
523394 16008
189572 16008
189572 714256
189577 3229
189577 15984
189577 16008
646286 126927
646286 642681
646286 642894
294030 77758
1152143 1365
3217 167670
3218 1120169
3218 1152290
3218 417017
3220 1125992
3220 1131728
3220 145215
3220 167670
3220 36620
3220 429805
3222 1103737
3222 167656
240791 19621
240791 1113438
3223 167656
3223 167670
1115291 1717
3229 100197
3229 1132418
3229 1152277
3229 1152673
3229 1154251
3229 444191
3229 48550
3229 52515
3229 83826
3231 167670
3231 200480
3231 3237
3231 46431
3231 63486
3231 10169
3231 17798
3233 1997
3233 1103737
3233 976284
3233 3236
3233 3240
50336 50337
50336 683355
19621 1126044
19621 42847
19621 66990
19621 83826
513189 576691
134307 65057
134307 65074
134307 134316
3240 36620
591017 591016
3237 3236
3243 1113739
3243 31932
3243 368431
25772 1997
25772 77758
134316 65074
591016 1272
576691 85352
31927 31932
1154232 51049
1154232 714256
1154232 714289
23738 101811
23738 73146
23738 27895
175291 52784
40124 19697
40124 145176
40125 131042
593091 85352
341188 7419
341188 28350
341188 28491
1111240 193931
72908 93923
25805 124734
195792 593210
1131728 40886
1131728 112378
593105 22229
1129683 70970
40151 1132418
236759 230879
1246 42207
1246 6125
23774 1107455
74975 38845
74975 38846
5348 75695
5348 911198
892139 81350
1119471 12197
1119471 12199
1119471 12247
19697 32698
19697 95718
66805 89547
27895 112378
27895 1786
1272 112378
1272 560936
1272 85452
1272 85688
1272 93923
1272 97892
1272 13686
417017 75121
111866 12197
7419 1105764
7419 1107312
7419 1109581
62718 83725
310530 1959
310530 3828
310530 22386
7430 95586
7430 28504
1111304 105899
120084 1365
120084 1140543
578845 593240
52515 300806
1152290 46491
1152290 85452
9513 9515
9513 77515
9515 10177
36140 112378
36140 323128
36145 52784
156977 390889
85299 1365
85299 575292
308529 28287
308529 28290
308529 56709
593210 593240
38205 108047
38205 61069
38205 210871
144701 22229
89416 65074
189774 73162
44368 1688
44368 14062
44368 1128227
13652 13654
13652 13656
1365 161221
1365 188318
1365 560936
1365 628500
1365 69392
1365 77758
1365 83826
1365 93555
5462 227286
593240 227178
13656 13658
13658 198443
683355 189856
95579 28350
95586 28487
95586 95589
95589 28504
154982 1997
154982 8079
154982 1121867
1152358 14062
85352 1152421
85352 1154459
1385 13686
1385 28287
7532 141171
7532 7537
1107312 28278
1107312 28387
7537 141171
75121 22431
75121 85688
93555 284023
1113459 28350
1113459 91975
13686 1107355
9586 1120138
105856 193931
105856 273949
56709 28287
56709 28290
17798 10169
17798 323128
58758 1688
58758 69284
105865 193931
193931 100197
46491 1120169
46491 46547
976284 89547
1154459 14062
1107355 28287
189856 36802
189856 1129994
1152421 14062
48550 227286
44455 128540
44455 227178
44455 568857
105899 28254
66990 390889
87482 34257
87482 34263
87482 34266
91581 79809
91581 560936
579008 575077
81350 38722
1481 1113934
1481 13960
1481 200480
73162 714260
73162 714748
89547 28471
89547 91975
85452 10169
85452 1120169
34257 1153003
34257 34263
34257 34266
46547 1786
34263 34266
1119708 14062
230879 1132486
230879 230884
230879 751408
230884 1132486
230884 751408
95718 32698
153063 38537
9708 1153003
9708 136766
9708 136768
83449 1956
1129994 77438
714256 714260
714256 714748
15889 175909
32276 636511
568857 210871
128540 28287
65057 65074
671269 6130
671269 1132418
671269 1132461
714289 15987
65074 714748
65074 87915
13885 42847
136766 136768
28227 28350
1121867 8079
110162 110163
110162 110164
110163 1955
110163 110164
28254 686015
28254 686061
97892 85688
575077 210871
73327 1959
1107567 12165
1107567 12195
1107567 12238
1152633 77438
1105531 16008
28287 28290
48766 132806
28290 1107674
16008 642827
61069 28456
1688 69284
646809 646913
69284 69296
28350 628668
77515 12210
91852 20179
91852 20178
91853 20178
91853 20179
91853 20180
91853 20193
20178 38829
20178 20179
22229 22241
22229 243483
429805 40886
429805 145215
3828 1152896
3828 1956
167670 3236
112378 40886
112378 145215
69392 1132461
145176 1132418
57119 28456
28471 91975
124734 10177
145215 40886
116545 116553
38722 12195
38722 51180
38722 67415
116553 116552
67415 10177
67415 12210
67415 12195
67415 171954
67415 51180
911198 75695
22386 38845
22386 38846
1103737 8079
12158 12199
12158 12198
1152896 1959
1152896 198653
12165 12182
12165 12195
12165 12238
12182 28641
12182 12210
75674 686015
1949 1952
1949 1953
12195 51180
1956 1955
12197 10177
12198 10177
12198 12199
12199 12247
1132461 6130
12210 10177
12210 6125
210871 198653
210871 210872
10169 63486
10169 10177
38845 38846
10183 10186
28641 6125
